1   2   3       4   5   6                                                                                       
                                                                                                                
        3       4   5   9                                                                                       
                                                                                                                
                                                                                                                
                                                                                                                
                                                                                                                
                                                                                                                
                                                                                                                
                                                                                                                
                                                                                                                
                                                                                                                
                15              16                                          17  18                              
                                                                                                                
                                                                                                                
                                                                                                                
                                                                                                                
                                                                                                                
                                                                                                                
                                                                                                                
                                                                                                                
                                                                                                                
                15                                                              26                              
                            27                                                                                  
                                                                                                                
                                                                                                                
                                                                                                                
                                                                                                                
            31                                                                                                  
                                                                                                                
                                                                                                                
        32      33                  34                                                                          
                                                                                                                
                                                                                                                
                            38          39  40  41  42  43  44  45  46  47          48      49      50          
                                                                                                                
                                                    42  43  57          47          48      49      50          
                                                                                                                
                                                                                                                
                                                                                                                
                                                                                                                
                                                                                                                
                                                                                                                
                                                                                        61      62              
                                                                                                                
                                                                                                                
                                                                                                                
                                                                                                                
                                                                                                                
                                                                                                                
                                                                                                                
                                                                                                                
                                                                                                                
                                                                                                                
                                                    42  43  71          47          48      49      50          
                                                                                                                
                                                                                                                
                                                                                                                
                                                                                                                
                                                                                                                
                                                                                                                
                                                        74              47          75      49      50          
                                                                        47          75      76      50          
                                                                                                                
                                                                                                                
                                                    42  43  77          47          48      49      50          
                                                                        47          75              78          
                                                    42  43  79          47          48      49      50          
                                                    42  43  80          47          48      49      50  81  82  
                                                    42  43  83          47          48      49      50          
                                                                                                                
                                                                                                                
                                                    42  43  85          47          48      49      50          
                                                                                                                
                                                                                                62              
                                                                                                                
                                                                                                                
                                                                                                                
                                                                                                                
                                                                                                                
                                                                                                                
                                                                                                                
                                                                                                                
                                                                                                                
                                                                                                                
                                                                                                                
                            38          39  91  41  42  43  44  45  46  47          48      49      50          
                                                    42  43  92          47          48      49      50          
                                                                                                                
                                                                                                                
                            38          39  93  41  42  43  44  45  46  47          48      49      50          
                                                                                                                
                                                                                                                
                                                                                                                
                            38          39  95  41  42  43  44  45  46  47          48      49      50          
                                                                                                                