8
56
8
16
14
8
16
13
11
19
8
76
7
18
8
6
18
21
81
66
73
50
46
42
38
34
65
36
48
46
42
38
34
55
52
78
75
51
49
46
42
38
34
57
27
22
20
66
35
73
50
46
42
38
34
68
33
57
27
22
20
66
73
50
46
42
38
34
65
36
73
50
46
42
38
34
68
33
57
27
22
20
81
66
73
50
46
42
38
34
65
36
48
46
42
38
34
55
52
78
75
51
49
46
42
38
34
57
27
22
20
66
73
50
46
42
38
34
65
36
48
46
42
70
43
73
50
46
74
41
38
34
63
32
26
20
17
80
10
5
3
8
56
12
19
8
76
7
18
8
6
18
8
6
18
21
66
35
73
50
46
42
38
34
68
33
57
27
22
20
66
73
50
46
42
38
34
65
36
73
50
46
42
38
34
68
33
57
27
22
20
81
66
73
50
46
42
38
34
65
36
48
46
42
38
34
55
52
78
75
51
49
46
42
38
34
57
27
22
20
66
35
73
50
46
42
38
34
68
33
57
27
22
20
81
81
66
35
48
46
42
38
34
55
52
78
75
51
49
46
42
38
34
55
52
78
75
51
49
46
42
38
34
57
27
22
20
73
50
46
42
38
34
63
32
26
20
17
80
10
5
2
1
