8
6
4
3
8
6
4
2
8
6
4
2
8
7
4
2
8
8
15
14
11
19
21
35
ERROR43
50
46
41
38
34
33
27
22
20
35
48
46
42
38
34
55
52
51
49
46
42
38
34
27
22
20
50
46
42
38
34
32
26
20
17
10
5
2
9
12
19
8
6
18
9
6
18
8
6
18
8
6
18
21
35
50
46
42
38
34
33
27
22
20
35
50
46
42
38
34
33
27
22
20
35
50
46
42
38
34
33
27
22
20
35
48
46
42
39
35
48
46
42
44
50
46
41
37
34
19
21
35
35
48
46
50
45
42
43
50
46
41
38
34
33
27
22
20
35
48
46
42
38
34
55
52
51
49
46
42
38
34
55
52
51
49
46
42
38
34
27
22
20
17
24
35
48
46
42
40
50
46
42
37
34
19
8
6
18
21
35
50
46
42
38
34
33
27
22
20
35
48
46
42
44
35
48
46
41
38
34
55
52
51
49
46
42
38
34
27
22
20
17
24
30
25
29
23
20
17
10
5
2
1
